,0,1,2,3,4,5,6,7,8,9,10,11,12,13,14,15,16,17,18,19,20,21,22,23,24,25,26,27,28,29,30,31,32,33,34,35,36,37
0,Node1-PC,ApplicationFrameHost.exe,2,1,2,2,1,2,1,2,1,3,2,1,2,1,2,2,1,2,1,2,1,2,1,2,1,2,1,2,1,2,1,2,1,2,2,1
1,Node1-PC,Canva.exe,4,2,4,4,2,4,2,4,2,6,4,2,4,2,4,4,2,4,2,4,2,4,2,4,2,4,2,4,2,4,2,4,2,4,4,2
2,Node1-PC,Code.exe,16,8,16,16,8,16,8,16,8,24,16,8,16,8,16,16,8,16,8,16,8,16,8,16,8,16,8,16,8,16,8,16,8,16,16,8
3,Node1-PC,CompatTelRunner.exe,2,1,2,2,3,2,0,0,0,6,0,0,0,0,0,0,0,0,0,0,0,0,0,0,0,0,0,0,0,0,0,0,0,0,0,0
4,Node1-PC,DbxSvc.exe,2,1,2,2,1,2,1,2,1,3,2,1,2,1,2,2,1,2,1,2,1,2,1,2,1,2,1,2,1,2,1,2,1,2,2,1
5,Node1-PC,Defrag.exe,0,0,0,0,0,0,0,0,0,3,0,0,0,0,0,0,0,0,0,0,0,0,0,0,0,0,0,0,0,0,0,0,0,0,0,0
6,Node1-PC,Discord.exe,12,6,12,12,6,12,6,12,6,18,12,6,12,6,12,12,6,12,6,12,6,12,6,12,6,12,6,12,6,12,6,12,6,12,12,6
7,Node1-PC,DiskSnapshot.exe,0,0,0,0,0,0,0,0,0,3,2,1,2,1,0,0,0,0,0,0,0,0,0,0,0,0,0,0,0,0,0,0,0,0,0,0
8,Node1-PC,DismHost.exe,0,0,0,0,0,0,0,0,0,0,1,1,2,1,1,0,0,0,0,0,0,0,0,0,0,0,0,0,0,0,0,0,0,0,0,0
9,Node1-PC,DropboxCrashHandler.exe,2,1,2,2,1,2,1,2,1,3,2,1,2,1,2,2,1,2,1,2,1,2,1,2,1,2,1,2,1,2,1,2,1,2,2,1
10,Node1-PC,DropboxUpdate.exe,0,1,2,0,0,0,0,0,0,0,0,0,0,0,0,0,0,0,0,0,0,0,0,0,0,0,0,0,0,0,0,0,0,0,0,0
11,Node1-PC,GetSkype.exe,2,1,2,2,1,2,1,2,1,3,2,1,2,1,2,2,1,2,1,2,1,2,1,2,1,2,1,2,1,2,1,2,1,2,2,1
12,Node1-PC,Microsoft.SharePoint.exe,0,0,0,0,0,0,0,0,0,0,0,0,2,1,1,0,0,0,0,0,0,0,0,0,0,0,0,0,0,0,0,0,0,0,0,0
13,Node1-PC,OneDrive.exe,2,1,2,2,1,2,1,2,1,3,2,1,2,1,2,2,1,2,1,2,1,2,1,2,1,2,1,2,1,2,1,2,1,2,2,1
14,Node1-PC,OneDriveStandaloneUpdater.exe,4,2,4,4,1,2,1,2,1,3,2,1,0,0,0,0,0,0,0,0,0,0,0,0,0,0,0,0,0,0,0,0,0,0,0,0
15,Node1-PC,PSEXESVC.exe,2,1,2,2,1,2,1,2,1,3,2,1,2,1,2,2,1,2,1,2,1,2,1,2,1,2,1,2,1,2,1,2,1,2,2,1
16,Node1-PC,PsExec.exe,2,1,2,2,1,2,1,2,1,3,2,1,2,1,2,2,1,2,1,2,1,2,1,2,1,2,1,2,1,2,1,2,1,2,2,1
17,Node1-PC,RuntimeBroker.exe,2,1,2,2,1,2,1,2,1,3,2,1,2,1,2,2,1,2,1,2,1,2,1,2,1,2,1,2,1,2,1,2,1,2,2,1
18,Node1-PC,SearchFilterHost.exe,1,1,2,2,1,1,1,2,1,2,2,1,2,1,2,2,1,2,1,2,1,2,1,2,1,2,1,2,1,2,1,2,1,2,2,1
19,Node1-PC,SearchIndexer.exe,2,1,2,2,1,2,1,2,1,3,2,1,2,1,2,2,1,2,1,2,1,2,1,2,1,2,1,2,1,2,1,2,1,2,2,1
20,Node1-PC,SearchProtocolHost.exe,2,1,2,2,1,2,1,2,1,3,2,1,2,1,2,2,1,2,1,2,1,2,1,2,1,2,1,2,1,2,1,2,1,2,2,1
21,Node1-PC,SearchUI.exe,2,1,2,2,1,2,1,2,1,3,2,1,2,1,2,2,1,2,1,2,1,2,1,2,1,2,1,2,1,2,1,2,1,2,2,1
22,Node1-PC,ShellExperienceHost.exe,2,1,2,2,1,2,1,2,1,3,2,1,2,1,2,2,1,2,1,2,1,2,1,2,1,2,1,2,1,2,1,2,1,2,2,1
23,Node1-PC,System,2,1,2,2,1,2,1,2,1,3,2,1,2,1,2,2,1,2,1,2,1,2,1,2,1,2,1,2,1,2,1,2,1,2,2,1
24,Node1-PC,System Idle Process,2,1,2,2,1,2,1,2,1,3,2,1,2,1,2,2,1,2,1,2,1,2,1,2,1,2,1,2,1,2,1,2,1,2,2,1
25,Node1-PC,TiWorker.exe,1,0,0,0,0,0,0,0,0,2,2,1,2,1,2,2,1,2,0,0,0,0,0,0,0,0,0,0,0,0,0,0,0,0,0,0
26,Node1-PC,TrustedInstaller.exe,1,0,0,0,0,0,0,0,0,2,2,1,2,1,2,2,1,2,0,0,0,0,0,0,0,0,0,0,0,0,0,0,0,0,0,0
27,Node1-PC,VSSVC.exe,2,1,1,0,0,0,0,0,0,0,0,0,0,0,0,0,0,0,0,0,0,0,0,0,0,0,0,0,0,0,0,0,0,0,0,0
28,Node1-PC,WUDFHost.exe,2,1,2,2,1,2,1,2,1,3,2,1,2,1,2,2,1,2,1,2,1,2,1,2,1,2,1,2,1,2,1,2,1,2,2,1
29,Node1-PC,WmiPrvSE.exe,2,1,2,2,2,4,2,4,1,5,2,1,4,2,4,4,2,4,2,4,2,3,1,2,1,2,1,2,1,2,1,2,1,2,2,1
30,Node1-PC,audiodg.exe,2,1,2,2,1,0,0,0,0,0,0,0,0,0,0,0,0,0,0,0,0,0,0,0,0,0,0,0,0,0,0,0,0,0,0,0
31,Node1-PC,backgroundTaskHost.exe,0,0,0,0,0,0,0,0,0,3,2,1,2,0,0,0,0,0,0,0,0,0,0,0,0,0,0,0,0,0,0,0,0,0,0,0
32,Node1-PC,chrome.exe,18,9,18,18,9,18,9,18,9,27,18,9,18,9,18,18,9,18,9,18,9,18,9,18,9,18,9,18,9,18,9,18,9,18,18,9
33,Node1-PC,cleanmgr.exe,0,0,0,0,0,0,0,0,0,3,2,1,2,1,1,0,0,0,0,0,0,0,0,0,0,0,0,0,0,0,0,0,0,0,0,0
34,Node1-PC,conhost.exe,10,5,10,10,5,9,4,8,4,31,14,7,15,5,8,8,4,8,4,8,4,8,4,8,4,8,4,8,4,8,4,8,4,8,8,4
35,Node1-PC,csrss.exe,4,2,4,4,2,4,2,4,2,6,4,2,4,2,4,4,2,4,2,4,2,4,2,4,2,4,2,4,2,4,2,4,2,4,4,2
36,Node1-PC,dasHost.exe,2,1,2,2,1,2,1,2,1,3,2,1,2,1,2,2,1,2,1,2,1,2,1,2,1,2,1,2,1,2,1,2,1,2,2,1
37,Node1-PC,dmclient.exe,0,0,0,0,0,0,0,0,0,2,0,0,0,0,0,0,0,0,0,0,0,0,0,0,0,0,0,0,0,0,0,0,0,0,0,0
38,Node1-PC,dstokenclean.exe,0,0,0,0,0,0,0,0,0,2,0,0,0,0,0,0,0,0,0,0,0,0,0,0,0,0,0,0,0,0,0,0,0,0,0,0
39,Node1-PC,dwm.exe,2,1,2,2,1,2,1,2,1,3,2,1,2,1,2,2,1,2,1,2,1,2,1,2,1,2,1,2,1,2,1,2,1,2,2,1
40,Node1-PC,explorer.exe,2,1,2,2,1,2,1,2,1,3,2,1,2,1,2,2,1,2,1,2,1,2,1,2,1,2,1,2,1,2,1,2,1,2,2,1
41,Node1-PC,lsass.exe,2,1,2,2,1,2,1,2,1,3,2,1,2,1,2,2,1,2,1,2,1,2,1,2,1,2,1,2,1,2,1,2,1,2,2,1
42,Node1-PC,mscorsvw.exe,0,0,0,0,0,0,0,0,0,0,0,0,2,0,0,0,0,0,0,0,0,0,0,0,0,0,0,0,0,0,0,0,0,0,0,0
43,Node1-PC,ngen.exe,0,0,0,0,0,0,0,0,0,0,2,2,3,0,0,0,0,0,0,0,0,0,0,0,0,0,0,0,0,0,0,0,0,0,0,0
44,Node1-PC,ngentask.exe,0,0,0,0,0,0,0,0,0,2,4,2,5,0,0,0,0,0,0,0,0,0,0,0,0,0,0,0,0,0,0,0,0,0,0,0
45,Node1-PC,powershell.exe,8,4,8,8,4,8,4,8,4,12,8,4,8,4,8,8,4,8,4,8,4,8,4,8,4,8,4,8,4,8,4,8,4,8,8,4
46,Node1-PC,python.exe,2,1,2,2,1,2,1,2,1,3,2,1,2,1,2,2,1,2,1,2,1,2,1,2,1,2,1,2,1,2,1,2,1,2,2,1
47,Node1-PC,rundll32.exe,4,2,4,4,2,4,2,4,2,8,4,2,4,2,4,4,2,4,2,4,2,4,2,4,2,4,2,4,2,4,2,4,2,4,4,2
48,Node1-PC,sc.exe,0,0,0,0,0,0,0,0,0,2,0,0,0,0,0,0,0,0,0,0,0,0,0,0,0,0,0,0,0,0,0,0,0,0,0,0
49,Node1-PC,sdiagnhost.exe,0,0,0,0,0,0,0,0,0,1,0,0,0,0,0,0,0,0,0,0,0,0,0,0,0,0,0,0,0,0,0,0,0,0,0,0
50,Node1-PC,sedsvc.exe,2,1,2,2,1,2,1,2,1,3,2,1,2,1,2,2,1,2,1,2,1,2,1,2,1,2,1,2,1,2,1,2,1,2,2,1
51,Node1-PC,services.exe,2,1,2,2,1,2,1,2,1,3,2,1,2,1,2,2,1,2,1,2,1,2,1,2,1,2,1,2,1,2,1,2,1,2,2,1
52,Node1-PC,sihost.exe,2,1,2,2,1,2,1,2,1,3,2,1,2,1,2,2,1,2,1,2,1,2,1,2,1,2,1,2,1,2,1,2,1,2,2,1
53,Node1-PC,smss.exe,2,1,2,2,1,2,1,2,1,3,2,1,2,1,2,2,1,2,1,2,1,2,1,2,1,2,1,2,1,2,1,2,1,2,2,1
54,Node1-PC,spoolsv.exe,2,1,2,2,1,2,1,2,1,3,2,1,2,1,2,2,1,2,1,2,1,2,1,2,1,2,1,2,1,2,1,2,1,2,2,1
55,Node1-PC,sppsvc.exe,0,0,0,0,1,2,0,0,0,0,0,0,0,0,0,0,0,0,0,0,0,0,0,0,0,0,0,0,0,0,0,0,0,0,0,0
56,Node1-PC,svchost.exe,30,15,30,30,16,34,17,34,16,50,32,16,32,16,32,31,14,28,14,28,14,28,14,28,14,28,14,28,14,28,14,28,13,26,26,13
57,Node1-PC,taskeng.exe,2,1,2,2,1,2,1,2,1,3,2,1,1,1,3,4,2,4,2,4,2,4,2,4,0,0,0,0,0,0,0,0,0,0,0,0
58,Node1-PC,taskhostw.exe,2,1,2,2,1,2,1,2,1,15,8,4,8,2,4,4,2,4,2,4,2,4,2,4,2,4,2,4,2,4,2,4,2,4,4,2
59,Node1-PC,tzsync.exe,0,0,0,0,0,0,0,0,0,2,0,0,0,0,0,0,0,0,0,0,0,0,0,0,0,0,0,0,0,0,0,0,0,0,0,0
60,Node1-PC,updater.exe,0,0,0,0,0,0,0,0,0,0,0,0,6,6,6,0,0,0,0,0,0,0,0,0,0,0,0,0,0,0,0,0,0,0,0,0
61,Node1-PC,wermgr.exe,0,0,0,0,0,2,0,0,0,0,0,0,0,0,0,0,0,0,0,0,0,0,0,0,0,0,0,0,0,0,0,0,0,0,0,0
62,Node1-PC,wininit.exe,2,1,2,2,1,2,1,2,1,3,2,1,2,1,2,2,1,2,1,2,1,2,1,2,1,2,1,2,1,2,1,2,1,2,2,1
63,Node1-PC,winlogon.exe,2,1,2,2,1,2,1,2,1,3,2,1,2,1,2,2,1,2,1,2,1,2,1,2,1,2,1,2,1,2,1,2,1,2,2,1
64,Node1-PC,wuapihost.exe,2,1,2,2,1,2,1,2,1,3,1,0,0,0,0,0,0,0,0,0,0,0,0,0,0,0,0,0,0,0,0,0,0,0,0,0
