,0,1,2,3,4,5,6,7,8,9,10,11,12,13,14,15,16,17,18,19,20,21,22,23,24,25,26,27,28,29,30,31,32,33,34,35,36,37
0,Node1-PC,ApplicationFrameHost.exe,3,1,2,1,2,1,2,1,2,1,2,2,1,2,1,2,1,2,1,2,1,2,1,2,1,2,1,2,1,2,2,1,2,1,2,1
1,Node1-PC,Canva.exe,6,2,4,2,4,2,4,2,4,2,4,4,2,4,2,4,2,4,2,4,2,4,2,4,2,4,2,4,2,4,4,2,4,2,4,2
2,Node1-PC,Code.exe,24,8,16,8,16,8,16,8,16,8,16,16,8,16,8,16,8,16,8,16,8,16,8,16,8,16,8,16,8,16,16,8,16,8,16,8
3,Node1-PC,DbxSvc.exe,3,1,2,1,2,1,2,1,2,1,2,2,1,2,1,2,1,2,1,2,1,2,1,2,1,2,1,2,1,2,2,1,2,1,2,1
4,Node1-PC,Discord.exe,18,6,12,6,12,6,12,6,12,6,12,12,6,12,6,12,6,12,6,12,6,12,6,12,6,12,6,12,6,12,12,6,12,6,12,6
5,Node1-PC,DropboxCrashHandler.exe,3,1,2,1,2,1,2,1,2,1,2,2,1,2,1,2,1,2,1,2,1,2,1,2,1,2,1,2,1,2,2,1,2,1,2,1
6,Node1-PC,GetSkype.exe,3,1,2,1,2,1,2,1,2,1,2,2,1,2,1,2,1,2,1,2,1,2,1,2,1,2,1,2,1,2,2,1,2,1,2,1
7,Node1-PC,OneDrive.exe,3,1,2,1,2,1,2,1,2,1,2,2,1,2,1,2,1,2,1,2,1,2,1,2,1,2,1,2,1,2,2,1,2,1,2,1
8,Node1-PC,PSEXESVC.exe,3,1,2,1,2,1,2,1,2,1,2,2,1,2,1,2,1,2,1,2,1,2,1,2,1,2,1,2,1,2,2,1,2,1,2,1
9,Node1-PC,PsExec.exe,3,1,2,1,2,1,2,1,2,1,2,2,1,2,1,2,1,2,1,2,1,2,1,2,1,2,1,2,1,2,2,1,2,1,2,1
10,Node1-PC,RuntimeBroker.exe,3,1,2,1,2,1,2,1,2,1,2,2,1,2,1,2,1,2,1,2,1,2,1,2,1,2,1,2,1,2,2,1,2,1,2,1
11,Node1-PC,SearchFilterHost.exe,3,1,2,1,2,1,2,1,2,1,2,2,1,2,1,2,1,2,1,2,1,2,1,2,1,2,1,2,1,2,2,1,2,1,2,1
12,Node1-PC,SearchIndexer.exe,3,1,2,1,2,1,2,1,2,1,2,2,1,2,1,2,1,2,1,2,1,2,1,2,1,2,1,2,1,2,2,1,2,1,2,1
13,Node1-PC,SearchProtocolHost.exe,3,1,2,1,2,1,2,1,2,1,2,2,1,2,1,2,1,2,1,2,1,2,1,2,1,2,1,2,1,2,2,1,2,1,2,1
14,Node1-PC,SearchUI.exe,3,1,2,1,2,1,2,1,2,1,2,2,1,2,1,2,1,2,1,2,1,2,1,2,1,2,1,2,1,2,2,1,2,1,2,1
15,Node1-PC,ShellExperienceHost.exe,3,1,2,1,2,1,2,1,2,1,2,2,1,2,1,2,1,2,1,2,1,2,1,2,1,2,1,2,1,2,2,1,2,1,2,1
16,Node1-PC,System,3,1,2,1,2,1,2,1,2,1,2,2,1,2,1,2,1,2,1,2,1,2,1,2,1,2,1,2,1,2,2,1,2,1,2,1
17,Node1-PC,System Idle Process,3,1,2,1,2,1,2,1,2,1,2,2,1,2,1,2,1,2,1,2,1,2,1,2,1,2,1,2,1,2,2,1,2,1,2,1
18,Node1-PC,UpdateAssistant.exe,0,0,0,0,0,0,0,0,1,0,0,0,0,0,0,0,0,0,0,0,0,0,0,0,0,0,0,0,0,0,0,0,0,0,0,0
19,Node1-PC,WUDFHost.exe,3,1,2,1,2,1,2,1,2,1,2,2,1,2,1,2,1,2,1,2,1,2,1,2,1,2,1,2,1,2,2,1,2,1,2,1
20,Node1-PC,WmiPrvSE.exe,4,2,4,2,4,1,2,1,2,1,2,2,1,2,1,2,1,2,1,2,1,2,1,2,1,2,1,2,1,2,2,1,2,1,2,1
21,Node1-PC,chrome.exe,27,9,18,9,18,9,18,9,18,9,18,18,9,18,9,18,9,18,9,18,9,18,9,18,9,18,9,18,9,18,18,9,18,9,18,9
22,Node1-PC,conhost.exe,12,4,8,4,8,4,8,4,8,4,8,8,4,8,4,8,4,8,4,8,4,8,4,8,4,8,4,8,4,8,8,4,8,4,8,4
23,Node1-PC,csrss.exe,6,2,4,2,4,2,4,2,4,2,4,4,2,4,2,4,2,4,2,4,2,4,2,4,2,4,2,4,2,4,4,2,4,2,4,2
24,Node1-PC,dwm.exe,3,1,2,1,2,1,2,1,2,1,2,2,1,2,1,2,1,2,1,2,1,2,1,2,1,2,1,2,1,2,2,1,2,1,2,1
25,Node1-PC,explorer.exe,3,1,2,1,2,1,2,1,2,1,2,2,1,2,1,2,1,2,1,2,1,2,1,2,1,2,1,2,1,2,2,1,2,1,2,1
26,Node1-PC,lsass.exe,3,1,2,1,2,1,2,1,2,1,2,2,1,2,1,2,1,2,1,2,1,2,1,2,1,2,1,2,1,2,2,1,2,1,2,1
27,Node1-PC,powershell.exe,12,4,8,4,8,4,8,4,8,4,8,8,4,8,4,8,4,8,4,8,4,8,4,8,4,8,4,8,4,8,8,4,8,4,8,4
28,Node1-PC,python.exe,3,1,2,1,2,1,2,1,2,1,2,2,1,2,1,2,1,2,1,2,1,2,1,2,1,2,1,2,1,2,2,1,2,1,2,1
29,Node1-PC,rundll32.exe,2,0,0,0,0,0,0,0,0,0,0,0,0,0,0,0,0,0,0,0,0,0,0,0,0,0,0,0,0,0,0,0,0,0,0,0
30,Node1-PC,sedsvc.exe,3,1,2,1,2,1,2,1,2,1,2,2,1,2,1,2,1,2,1,2,1,2,1,2,1,2,1,2,1,2,2,1,2,1,2,1
31,Node1-PC,services.exe,3,1,2,1,2,1,2,1,2,1,2,2,1,2,1,2,1,2,1,2,1,2,1,2,1,2,1,2,1,2,2,1,2,1,2,1
32,Node1-PC,sihost.exe,3,1,2,1,2,1,2,1,2,1,2,2,1,2,1,2,1,2,1,2,1,2,1,2,1,2,1,2,1,2,2,1,2,1,2,1
33,Node1-PC,smss.exe,3,1,2,1,2,1,2,1,2,1,2,2,1,2,1,2,1,2,1,2,1,2,1,2,1,2,1,2,1,2,2,1,2,1,2,1
34,Node1-PC,spoolsv.exe,3,1,2,1,2,1,2,1,2,1,2,2,1,2,1,2,1,2,1,2,1,2,1,2,1,2,1,2,1,2,2,1,2,1,2,1
35,Node1-PC,svchost.exe,42,14,28,13,26,13,26,13,26,13,26,26,13,26,13,26,13,26,13,26,13,26,13,26,13,26,13,26,13,26,26,13,26,13,26,13
36,Node1-PC,taskeng.exe,1,1,2,1,2,1,2,1,2,1,2,1,0,0,0,0,0,0,0,0,0,0,0,0,0,0,0,0,0,0,0,0,0,0,0,0
37,Node1-PC,taskhostw.exe,3,1,2,1,2,1,2,1,4,2,4,4,2,4,2,4,2,4,2,4,2,4,2,4,2,4,2,4,2,4,4,2,4,2,4,2
38,Node1-PC,updater.exe,6,6,6,0,0,0,0,0,0,0,0,0,0,0,0,0,0,0,0,0,0,0,0,0,0,0,0,0,0,0,0,0,0,0,0,0
39,Node1-PC,wininit.exe,3,1,2,1,2,1,2,1,2,1,2,2,1,2,1,2,1,2,1,2,1,2,1,2,1,2,1,2,1,2,2,1,2,1,2,1
40,Node1-PC,winlogon.exe,3,1,2,1,2,1,2,1,2,1,2,2,1,2,1,2,1,2,1,2,1,2,1,2,1,2,1,2,1,2,2,1,2,1,2,1
